crossing time (s)	slope (V/s)	crossing number
281474976710655.000000	-127.493942	5664	0.000000
281474976710655.000000	-95.109024	5665	0.000000
281474976710655.000000	-101.310905	5666	0.000000
281474976710655.000000	-72.736755	5667	0.000000
281474976710655.000000	-28.672520	5668	0.000000
281474976710655.000000	-22.150070	5669	0.000000
281474976710655.000000	-16.419922	5670	0.000000
281474976710655.000000	-10.824636	5671	0.000000
281474976710655.000000	-7.769242	5672	0.000000
281474976710655.000000	-4.827388	5673	0.000000
281474976710655.000000	-3.825468	5674	0.000000
281474976710655.000000	-1.725103	5675	0.000000
281474976710655.000000	-0.882088	5676	0.000000
