crossing time (s)	slope (V/s)	crossing number
281474976710655.000000	Inf	5798	0.000000
281474976710655.000000	-128.319672	5799	0.000000
281474976710655.000000	-169.785263	5800	0.000000
281474976710655.000000	-42.797058	5801	0.000000
281474976710655.000000	-61.601994	5802	0.000000
281474976710655.000000	-30.387367	5803	0.000000
281474976710655.000000	-22.458307	5804	0.000000
281474976710655.000000	-14.110930	5805	0.000000
281474976710655.000000	-10.113143	5806	0.000000
281474976710655.000000	-5.839170	5807	0.000000
281474976710655.000000	-4.176940	5808	0.000000
281474976710655.000000	-2.570669	5809	0.000000
281474976710655.000000	-1.729130	5810	0.000000
