crossing time (s)	slope (V/s)	crossing number
281474976710655.000000	Inf	5872	0.000000
281474976710655.000000	Inf	5873	0.000000
281474976710655.000000	-64.773453	5874	0.000000
281474976710655.000000	-90.108238	5875	0.000000
281474976710655.000000	-63.772129	5876	0.000000
281474976710655.000000	-58.578903	5877	0.000000
281474976710655.000000	-29.600937	5878	0.000000
281474976710655.000000	-21.783779	5879	0.000000
281474976710655.000000	-13.968635	5880	0.000000
281474976710655.000000	-10.172593	5881	0.000000
281474976710655.000000	-5.639924	5882	0.000000
281474976710655.000000	-3.965973	5883	0.000000
281474976710655.000000	-2.800811	5884	0.000000
281474976710655.000000	-1.655378	5885	0.000000
