crossing time (s)	slope (V/s)	crossing number
281474976710655.000000	-88.216591	5599	0.000000
281474976710655.000000	-76.857803	5600	0.000000
281474976710655.000000	-62.215466	5601	0.000000
281474976710655.000000	-43.955952	5602	0.000000
281474976710655.000000	-24.991772	5603	0.000000
281474976710655.000000	-19.995167	5604	0.000000
281474976710655.000000	-12.353910	5605	0.000000
281474976710655.000000	-9.723397	5606	0.000000
281474976710655.000000	-5.986542	5607	0.000000
281474976710655.000000	-4.359882	5608	0.000000
281474976710655.000000	-2.726273	5609	0.000000
281474976710655.000000	-2.028258	5610	0.000000
