num crossings	time (s)	maj axis (mm)	min axis (mm)	theta (rad )	slope (V/s)
91	149.311004	87.783204	2.226893	1.364228	106.724996
93	151.394697	73.867097	1.979864	1.365280	75.832191
95	153.479057	60.501482	1.811462	1.363992	55.539528
97	155.567829	47.968993	1.744479	1.355737	35.776154
99	157.664169	36.810974	1.473017	1.353827	24.554525
101	159.769385	27.131947	1.114738	1.358007	14.613726
103	161.872732	20.221071	0.737376	1.355300	9.310160
105	163.957388	15.228926	0.528805	1.347366	5.330455
107	166.027766	11.527382	0.536998	1.351567	3.364356
