num crossings	time (s)	maj axis (mm)	min axis (mm)	theta (rad )	slope (V/s)
149	227.947469	93.587785	-2.080999	4.502329	124.281628
151	230.023806	78.796446	-2.131324	4.500332	90.901885
153	232.102537	65.236931	-2.030712	4.497228	65.947148
155	234.184137	53.009357	-1.778127	4.498110	42.213484
157	236.267852	42.073445	-1.480979	4.502556	28.486886
159	238.350679	32.432062	-1.222753	4.509914	18.170950
161	240.422945	24.335671	-1.006999	4.515051	11.490698
163	242.481258	18.147025	-0.793519	4.513266	6.865769
165	244.516373	10.242821	-0.735172	4.502310	4.079772
