crossing time (s)	slope (V/s)	crossing number
281474976710655.000000	-80.500946	5771	0.000000
281474976710655.000000	-128.406570	5772	0.000000
281474976710655.000000	-152.228592	5773	0.000000
281474976710655.000000	-70.374985	5774	0.000000
281474976710655.000000	-49.124371	5775	0.000000
281474976710655.000000	-35.212086	5776	0.000000
281474976710655.000000	-20.833168	5777	0.000000
281474976710655.000000	-14.887981	5778	0.000000
281474976710655.000000	-7.886062	5779	0.000000
281474976710655.000000	-5.742666	5780	0.000000
281474976710655.000000	-4.799486	5781	0.000000
281474976710655.000000	-2.728074	5782	0.000000
281474976710655.000000	-1.453188	5783	0.000000
