num crossings	time (s)	maj axis (mm)	min axis (mm)	theta (rad )	slope (V/s)
389	1290.751387	83.905086	-2.110934	1.125883	220.442147
391	1292.829929	67.329267	-1.864546	1.129030	133.455344
393	1294.908295	52.364214	-1.659687	1.131574	94.490614
395	1296.984829	39.361480	-1.383709	1.131209	55.153371
397	1299.060707	29.233287	-1.098241	1.125450	31.387942
399	1301.131414	21.488996	-0.859265	1.116354	16.467372
401	1303.210121	15.752129	-0.619162	1.112308	9.401967
403	1305.296002	11.460436	-0.414285	1.121362	4.874129
405	1307.404740	8.439074	-0.286624	1.148109	3.184088
