crossing time (s)	slope (V/s)	crossing number
281474976710655.000000	Inf	5622	0.000000
281474976710655.000000	-220.315094	5623	0.000000
281474976710655.000000	-85.909599	5624	0.000000
281474976710655.000000	-47.915100	5625	0.000000
281474976710655.000000	-37.692478	5626	0.000000
281474976710655.000000	-32.662708	5627	0.000000
281474976710655.000000	-20.282436	5628	0.000000
281474976710655.000000	-13.058526	5629	0.000000
281474976710655.000000	-9.596435	5630	0.000000
281474976710655.000000	-5.601811	5631	0.000000
281474976710655.000000	-4.599560	5632	0.000000
281474976710655.000000	-1.816096	5633	0.000000
