crossing time (s)	slope (V/s)	crossing number
281474976710655.000000	Inf	5972	0.000000
281474976710655.000000	-94.755623	5973	0.000000
281474976710655.000000	-75.053818	5974	0.000000
281474976710655.000000	-56.666847	5975	0.000000
281474976710655.000000	-35.195469	5976	0.000000
281474976710655.000000	-29.873701	5977	0.000000
281474976710655.000000	-19.786768	5978	0.000000
281474976710655.000000	-13.308685	5979	0.000000
281474976710655.000000	-9.917542	5980	0.000000
281474976710655.000000	-6.683644	5981	0.000000
281474976710655.000000	-4.644829	5982	0.000000
281474976710655.000000	-2.967392	5983	0.000000
281474976710655.000000	-2.286394	5984	0.000000
281474976710655.000000	-1.136107	5985	0.000000
