crossing time (s)	slope (V/s)	crossing number
281474976710655.000000	97.798836	3220	0.000000
281474976710655.000000	47.973686	3221	0.000000
281474976710655.000000	Inf	3222	0.000000
281474976710655.000000	196.942749	3223	0.000000
281474976710655.000000	105.977203	3224	0.000000
281474976710655.000000	109.377831	3225	0.000000
281474976710655.000000	49.117508	3226	0.000000
281474976710655.000000	101.605621	3227	0.000000
281474976710655.000000	96.957214	3228	0.000000
281474976710655.000000	186.371231	3229	0.000000
281474976710655.000000	110.267586	3230	0.000000
281474976710655.000000	86.127586	3231	0.000000
281474976710655.000000	93.538765	3232	0.000000
281474976710655.000000	91.575661	3233	0.000000
281474976710655.000000	86.569511	3234	0.000000
281474976710655.000000	99.498535	3235	0.000000
281474976710655.000000	92.430649	3236	0.000000
281474976710655.000000	79.246796	3237	0.000000
281474976710655.000000	167.753677	3238	0.000000
281474976710655.000000	89.011932	3239	0.000000
281474976710655.000000	83.736382	3240	0.000000
281474976710655.000000	Inf	3241	0.000000
281474976710655.000000	59.996754	3242	0.000000
281474976710655.000000	72.612083	3243	0.000000
281474976710655.000000	55.979885	3244	0.000000
281474976710655.000000	53.633656	3245	0.000000
281474976710655.000000	87.526268	3246	0.000000
281474976710655.000000	87.390762	3247	0.000000
281474976710655.000000	76.952606	3248	0.000000
281474976710655.000000	76.615143	3249	0.000000
281474976710655.000000	40.521320	3250	0.000000
281474976710655.000000	34.934879	3251	0.000000
281474976710655.000000	78.041824	3252	0.000000
281474976710655.000000	74.288513	3253	0.000000
281474976710655.000000	110.657501	3254	0.000000
281474976710655.000000	156.859512	3255	0.000000
281474976710655.000000	73.907234	3256	0.000000
281474976710655.000000	70.552513	3257	0.000000
281474976710655.000000	74.733704	3258	0.000000
281474976710655.000000	151.445938	3259	0.000000
281474976710655.000000	76.084724	3260	0.000000
281474976710655.000000	72.978485	3261	0.000000
281474976710655.000000	66.721901	3262	0.000000
281474976710655.000000	44.914200	3263	0.000000
281474976710655.000000	49.761837	3264	0.000000
281474976710655.000000	72.858498	3265	0.000000
281474976710655.000000	65.710953	3266	0.000000
281474976710655.000000	60.561687	3267	0.000000
281474976710655.000000	41.571087	3268	0.000000
281474976710655.000000	68.263306	3269	0.000000
281474976710655.000000	66.688194	3270	0.000000
281474976710655.000000	127.607964	3271	0.000000
281474976710655.000000	66.864548	3272	0.000000
281474976710655.000000	90.935020	3273	0.000000
281474976710655.000000	98.168633	3274	0.000000
281474976710655.000000	60.298264	3275	0.000000
281474976710655.000000	65.259911	3276	0.000000
281474976710655.000000	60.190742	3277	0.000000
281474976710655.000000	69.831100	3278	0.000000
281474976710655.000000	61.120335	3279	0.000000
281474976710655.000000	64.130234	3280	0.000000
281474976710655.000000	53.428925	3281	0.000000
281474976710655.000000	74.696831	3282	0.000000
281474976710655.000000	92.376114	3283	0.000000
281474976710655.000000	56.241291	3284	0.000000
281474976710655.000000	39.478817	3285	0.000000
281474976710655.000000	57.854961	3286	0.000000
281474976710655.000000	61.592983	3287	0.000000
281474976710655.000000	56.959133	3288	0.000000
281474976710655.000000	53.825424	3289	0.000000
281474976710655.000000	52.922756	3290	0.000000
281474976710655.000000	52.888840	3291	0.000000
281474976710655.000000	53.688450	3292	0.000000
281474976710655.000000	48.849632	3293	0.000000
281474976710655.000000	39.485729	3294	0.000000
281474976710655.000000	45.993343	3295	0.000000
281474976710655.000000	50.670975	3296	0.000000
281474976710655.000000	64.069672	3297	0.000000
281474976710655.000000	48.949108	3298	0.000000
281474976710655.000000	68.968468	3299	0.000000
281474976710655.000000	66.292480	3300	0.000000
281474976710655.000000	45.828480	3301	0.000000
281474976710655.000000	42.691967	3302	0.000000
281474976710655.000000	40.728451	3303	0.000000
281474976710655.000000	39.783699	3304	0.000000
281474976710655.000000	46.062984	3305	0.000000
281474976710655.000000	41.984463	3306	0.000000
281474976710655.000000	38.778629	3307	0.000000
281474976710655.000000	45.397892	3308	0.000000
281474976710655.000000	32.576523	3309	0.000000
281474976710655.000000	38.227184	3310	0.000000
281474976710655.000000	42.811161	3311	0.000000
281474976710655.000000	40.366058	3312	0.000000
281474976710655.000000	34.617901	3313	0.000000
281474976710655.000000	47.270515	3314	0.000000
281474976710655.000000	35.350769	3315	0.000000
281474976710655.000000	36.226238	3316	0.000000
281474976710655.000000	45.124863	3317	0.000000
281474976710655.000000	33.743031	3318	0.000000
281474976710655.000000	39.794590	3319	0.000000
281474976710655.000000	37.032101	3320	0.000000
281474976710655.000000	32.151329	3321	0.000000
281474976710655.000000	43.705276	3322	0.000000
281474976710655.000000	32.809757	3323	0.000000
281474976710655.000000	39.272873	3324	0.000000
281474976710655.000000	32.655083	3325	0.000000
281474976710655.000000	36.258068	3326	0.000000
281474976710655.000000	30.915874	3327	0.000000
281474976710655.000000	36.318722	3328	0.000000
281474976710655.000000	29.680542	3329	0.000000
281474976710655.000000	27.533537	3330	0.000000
281474976710655.000000	33.330952	3331	0.000000
281474976710655.000000	27.706242	3332	0.000000
281474976710655.000000	27.194921	3333	0.000000
281474976710655.000000	26.630690	3334	0.000000
281474976710655.000000	27.139921	3335	0.000000
281474976710655.000000	28.540730	3336	0.000000
281474976710655.000000	29.857729	3337	0.000000
281474976710655.000000	30.628897	3338	0.000000
281474976710655.000000	33.424858	3339	0.000000
281474976710655.000000	27.253738	3340	0.000000
281474976710655.000000	26.258930	3341	0.000000
281474976710655.000000	28.677465	3342	0.000000
281474976710655.000000	33.132011	3343	0.000000
281474976710655.000000	26.047287	3344	0.000000
281474976710655.000000	25.950899	3345	0.000000
281474976710655.000000	27.829100	3346	0.000000
281474976710655.000000	29.923033	3347	0.000000
281474976710655.000000	26.304996	3348	0.000000
281474976710655.000000	26.944502	3349	0.000000
281474976710655.000000	29.000893	3350	0.000000
281474976710655.000000	22.707485	3351	0.000000
281474976710655.000000	24.210152	3352	0.000000
281474976710655.000000	27.025497	3353	0.000000
281474976710655.000000	26.528280	3354	0.000000
281474976710655.000000	25.008192	3355	0.000000
281474976710655.000000	24.813629	3356	0.000000
281474976710655.000000	22.834595	3357	0.000000
281474976710655.000000	23.688719	3358	0.000000
281474976710655.000000	25.569624	3359	0.000000
281474976710655.000000	25.446651	3360	0.000000
281474976710655.000000	19.935446	3361	0.000000
281474976710655.000000	22.037111	3362	0.000000
281474976710655.000000	21.019110	3363	0.000000
281474976710655.000000	22.077688	3364	0.000000
281474976710655.000000	22.435034	3365	0.000000
281474976710655.000000	23.114420	3366	0.000000
281474976710655.000000	19.827721	3367	0.000000
281474976710655.000000	21.560589	3368	0.000000
281474976710655.000000	22.332047	3369	0.000000
281474976710655.000000	24.419386	3370	0.000000
281474976710655.000000	19.062704	3371	0.000000
281474976710655.000000	20.611713	3372	0.000000
281474976710655.000000	20.338985	3373	0.000000
281474976710655.000000	20.019196	3374	0.000000
281474976710655.000000	18.246325	3375	0.000000
281474976710655.000000	20.383577	3376	0.000000
281474976710655.000000	19.548536	3377	0.000000
281474976710655.000000	19.042759	3378	0.000000
281474976710655.000000	18.764254	3379	0.000000
281474976710655.000000	19.468946	3380	0.000000
281474976710655.000000	16.991028	3381	0.000000
281474976710655.000000	18.466465	3382	0.000000
281474976710655.000000	17.875504	3383	0.000000
281474976710655.000000	19.579445	3384	0.000000
281474976710655.000000	17.308086	3385	0.000000
281474976710655.000000	17.797728	3386	0.000000
281474976710655.000000	17.950613	3387	0.000000
281474976710655.000000	17.843348	3388	0.000000
281474976710655.000000	16.471085	3389	0.000000
281474976710655.000000	16.331347	3390	0.000000
281474976710655.000000	16.043396	3391	0.000000
281474976710655.000000	16.874331	3392	0.000000
