crossing time (s)	slope (V/s)	crossing number
281474976710655.000000	-152.470001	5952	0.000000
281474976710655.000000	-117.452026	5953	0.000000
281474976710655.000000	-45.060997	5954	0.000000
281474976710655.000000	-69.217155	5955	0.000000
281474976710655.000000	-40.390274	5956	0.000000
281474976710655.000000	-33.170185	5957	0.000000
281474976710655.000000	-26.011160	5958	0.000000
281474976710655.000000	-19.794556	5959	0.000000
281474976710655.000000	-13.061004	5960	0.000000
281474976710655.000000	-9.536022	5961	0.000000
281474976710655.000000	-5.845626	5962	0.000000
281474976710655.000000	-4.466421	5963	0.000000
281474976710655.000000	-1.916319	5964	0.000000
281474976710655.000000	-1.101885	5965	0.000000
