num crossings	time (s)	maj axis (mm)	min axis (mm)	theta (rad )	slope (V/s)
207	820.301375	79.847248	2.018129	4.202685	224.002783
209	822.379919	64.207877	1.947089	4.211468	131.467703
211	824.460109	50.511166	1.796160	4.217346	93.190078
213	826.540446	39.020519	1.559582	4.219852	58.420748
215	828.619150	29.496659	1.253962	4.218621	34.599460
217	830.703907	21.996061	0.989607	4.215180	20.779433
219	832.790716	16.404708	0.749363	4.212401	9.619968
221	834.877813	12.236023	0.576499	4.209401	7.396475
223	836.986286	9.001698	0.411176	4.215296	2.828761
