crossing time (s)	slope (V/s)	crossing number
281474976710655.000000	Inf	3441	0.000000
281474976710655.000000	Inf	3442	0.000000
281474976710655.000000	Inf	3443	0.000000
281474976710655.000000	141.109421	3444	0.000000
281474976710655.000000	154.916779	3445	0.000000
281474976710655.000000	Inf	3446	0.000000
281474976710655.000000	142.847321	3447	0.000000
281474976710655.000000	Inf	3448	0.000000
281474976710655.000000	Inf	3449	0.000000
281474976710655.000000	Inf	3450	0.000000
281474976710655.000000	Inf	3451	0.000000
281474976710655.000000	Inf	3452	0.000000
281474976710655.000000	130.979034	3453	0.000000
281474976710655.000000	133.214188	3454	0.000000
281474976710655.000000	141.007706	3455	0.000000
281474976710655.000000	128.634033	3456	0.000000
281474976710655.000000	129.296616	3457	0.000000
281474976710655.000000	132.330719	3458	0.000000
281474976710655.000000	Inf	3459	0.000000
281474976710655.000000	Inf	3460	0.000000
281474976710655.000000	134.280014	3461	0.000000
281474976710655.000000	131.886948	3462	0.000000
281474976710655.000000	Inf	3463	0.000000
281474976710655.000000	127.947792	3464	0.000000
281474976710655.000000	232.681168	3465	0.000000
281474976710655.000000	106.427383	3466	0.000000
281474976710655.000000	Inf	3467	0.000000
281474976710655.000000	116.659706	3468	0.000000
281474976710655.000000	57.931839	3469	0.000000
281474976710655.000000	114.287857	3470	0.000000
281474976710655.000000	114.554893	3471	0.000000
281474976710655.000000	102.205338	3472	0.000000
281474976710655.000000	Inf	3473	0.000000
281474976710655.000000	107.228645	3474	0.000000
281474976710655.000000	102.313286	3475	0.000000
281474976710655.000000	Inf	3476	0.000000
281474976710655.000000	102.695541	3477	0.000000
281474976710655.000000	68.171188	3478	0.000000
281474976710655.000000	Inf	3479	0.000000
281474976710655.000000	105.043922	3480	0.000000
281474976710655.000000	101.176842	3481	0.000000
281474976710655.000000	109.853233	3482	0.000000
281474976710655.000000	100.234344	3483	0.000000
281474976710655.000000	100.348663	3484	0.000000
281474976710655.000000	107.155693	3485	0.000000
281474976710655.000000	44.128315	3486	0.000000
281474976710655.000000	94.932526	3487	0.000000
281474976710655.000000	97.228851	3488	0.000000
281474976710655.000000	59.779896	3489	0.000000
281474976710655.000000	104.983955	3490	0.000000
281474976710655.000000	63.130730	3491	0.000000
281474976710655.000000	86.298187	3492	0.000000
281474976710655.000000	96.605492	3493	0.000000
281474976710655.000000	91.088753	3494	0.000000
281474976710655.000000	189.287170	3495	0.000000
281474976710655.000000	64.419022	3496	0.000000
281474976710655.000000	84.697319	3497	0.000000
281474976710655.000000	82.468735	3498	0.000000
281474976710655.000000	88.906380	3499	0.000000
281474976710655.000000	89.493195	3500	0.000000
281474976710655.000000	88.580872	3501	0.000000
281474976710655.000000	44.284130	3502	0.000000
281474976710655.000000	83.607666	3503	0.000000
281474976710655.000000	77.609024	3504	0.000000
281474976710655.000000	38.872272	3505	0.000000
281474976710655.000000	42.136608	3506	0.000000
281474976710655.000000	82.611198	3507	0.000000
281474976710655.000000	86.575630	3508	0.000000
281474976710655.000000	57.520290	3509	0.000000
281474976710655.000000	75.725899	3510	0.000000
281474976710655.000000	Inf	3511	0.000000
281474976710655.000000	71.530777	3512	0.000000
281474976710655.000000	Inf	3513	0.000000
281474976710655.000000	77.735733	3514	0.000000
281474976710655.000000	50.767281	3515	0.000000
281474976710655.000000	54.148014	3516	0.000000
281474976710655.000000	77.268066	3517	0.000000
281474976710655.000000	64.545296	3518	0.000000
281474976710655.000000	53.538387	3519	0.000000
281474976710655.000000	47.418941	3520	0.000000
281474976710655.000000	43.045975	3521	0.000000
281474976710655.000000	82.060928	3522	0.000000
281474976710655.000000	49.553085	3523	0.000000
281474976710655.000000	48.117813	3524	0.000000
281474976710655.000000	66.227821	3525	0.000000
281474976710655.000000	64.818657	3526	0.000000
281474976710655.000000	61.144676	3527	0.000000
281474976710655.000000	61.658485	3528	0.000000
281474976710655.000000	65.423943	3529	0.000000
281474976710655.000000	32.744682	3530	0.000000
281474976710655.000000	68.300873	3531	0.000000
281474976710655.000000	95.415726	3532	0.000000
281474976710655.000000	55.841301	3533	0.000000
281474976710655.000000	58.550819	3534	0.000000
281474976710655.000000	63.384567	3535	0.000000
281474976710655.000000	42.982319	3536	0.000000
281474976710655.000000	60.124355	3537	0.000000
281474976710655.000000	90.621178	3538	0.000000
281474976710655.000000	53.857887	3539	0.000000
281474976710655.000000	59.991600	3540	0.000000
281474976710655.000000	57.310184	3541	0.000000
281474976710655.000000	59.484642	3542	0.000000
281474976710655.000000	58.190754	3543	0.000000
281474976710655.000000	53.697918	3544	0.000000
281474976710655.000000	39.699768	3545	0.000000
281474976710655.000000	31.974422	3546	0.000000
281474976710655.000000	59.747223	3547	0.000000
281474976710655.000000	51.110947	3548	0.000000
281474976710655.000000	40.918957	3549	0.000000
281474976710655.000000	90.705353	3550	0.000000
281474976710655.000000	40.151279	3551	0.000000
281474976710655.000000	64.689346	3552	0.000000
281474976710655.000000	46.246784	3553	0.000000
281474976710655.000000	37.680161	3554	0.000000
281474976710655.000000	60.267471	3555	0.000000
281474976710655.000000	52.413528	3556	0.000000
281474976710655.000000	49.724094	3557	0.000000
281474976710655.000000	48.732552	3558	0.000000
281474976710655.000000	35.043522	3559	0.000000
281474976710655.000000	42.597343	3560	0.000000
281474976710655.000000	51.823082	3561	0.000000
281474976710655.000000	48.121559	3562	0.000000
281474976710655.000000	45.023190	3563	0.000000
281474976710655.000000	48.912594	3564	0.000000
281474976710655.000000	49.251633	3565	0.000000
281474976710655.000000	36.950516	3566	0.000000
281474976710655.000000	41.254856	3567	0.000000
281474976710655.000000	35.742290	3568	0.000000
281474976710655.000000	45.828255	3569	0.000000
281474976710655.000000	37.291557	3570	0.000000
281474976710655.000000	37.324825	3571	0.000000
281474976710655.000000	49.645340	3572	0.000000
281474976710655.000000	41.156452	3573	0.000000
281474976710655.000000	30.876400	3574	0.000000
281474976710655.000000	47.134266	3575	0.000000
281474976710655.000000	32.486614	3576	0.000000
281474976710655.000000	34.977135	3577	0.000000
281474976710655.000000	37.573017	3578	0.000000
281474976710655.000000	36.462830	3579	0.000000
281474976710655.000000	40.370281	3580	0.000000
281474976710655.000000	30.415081	3581	0.000000
281474976710655.000000	28.915627	3582	0.000000
281474976710655.000000	33.513557	3583	0.000000
281474976710655.000000	29.696882	3584	0.000000
281474976710655.000000	33.599571	3585	0.000000
281474976710655.000000	30.227400	3586	0.000000
281474976710655.000000	30.255550	3587	0.000000
281474976710655.000000	36.787975	3588	0.000000
281474976710655.000000	27.859879	3589	0.000000
281474976710655.000000	25.785347	3590	0.000000
281474976710655.000000	33.430824	3591	0.000000
281474976710655.000000	29.653864	3592	0.000000
281474976710655.000000	31.648174	3593	0.000000
281474976710655.000000	30.044981	3594	0.000000
281474976710655.000000	29.538042	3595	0.000000
281474976710655.000000	31.390806	3596	0.000000
281474976710655.000000	27.683407	3597	0.000000
281474976710655.000000	31.013981	3598	0.000000
281474976710655.000000	30.637617	3599	0.000000
281474976710655.000000	30.072542	3600	0.000000
281474976710655.000000	28.169994	3601	0.000000
281474976710655.000000	29.746365	3602	0.000000
281474976710655.000000	25.294931	3603	0.000000
281474976710655.000000	27.030132	3604	0.000000
281474976710655.000000	28.093023	3605	0.000000
281474976710655.000000	24.483238	3606	0.000000
281474976710655.000000	27.662893	3607	0.000000
281474976710655.000000	25.834230	3608	0.000000
281474976710655.000000	26.045616	3609	0.000000
281474976710655.000000	27.096680	3610	0.000000
281474976710655.000000	24.369783	3611	0.000000
281474976710655.000000	28.722277	3612	0.000000
281474976710655.000000	26.193859	3613	0.000000
281474976710655.000000	27.465502	3614	0.000000
281474976710655.000000	24.741142	3615	0.000000
281474976710655.000000	22.130209	3616	0.000000
281474976710655.000000	24.380262	3617	0.000000
281474976710655.000000	23.865637	3618	0.000000
281474976710655.000000	23.609991	3619	0.000000
281474976710655.000000	21.979376	3620	0.000000
281474976710655.000000	22.194538	3621	0.000000
281474976710655.000000	22.897041	3622	0.000000
281474976710655.000000	22.886143	3623	0.000000
281474976710655.000000	21.301283	3624	0.000000
281474976710655.000000	22.435284	3625	0.000000
281474976710655.000000	16.867453	3626	0.000000
281474976710655.000000	19.094507	3627	0.000000
281474976710655.000000	22.330956	3628	0.000000
281474976710655.000000	22.125914	3629	0.000000
281474976710655.000000	19.533140	3630	0.000000
281474976710655.000000	21.186340	3631	0.000000
281474976710655.000000	19.994347	3632	0.000000
281474976710655.000000	20.080191	3633	0.000000
281474976710655.000000	19.814981	3634	0.000000
281474976710655.000000	19.712410	3635	0.000000
281474976710655.000000	18.263521	3636	0.000000
281474976710655.000000	19.348398	3637	0.000000
281474976710655.000000	19.147203	3638	0.000000
281474976710655.000000	17.694471	3639	0.000000
281474976710655.000000	18.020830	3640	0.000000
281474976710655.000000	19.194586	3641	0.000000
281474976710655.000000	16.305513	3642	0.000000
281474976710655.000000	18.151073	3643	0.000000
281474976710655.000000	17.348818	3644	0.000000
281474976710655.000000	16.795317	3645	0.000000
281474976710655.000000	17.503563	3646	0.000000
281474976710655.000000	15.761326	3647	0.000000
281474976710655.000000	16.748798	3648	0.000000
281474976710655.000000	16.595297	3649	0.000000
281474976710655.000000	14.772380	3650	0.000000
281474976710655.000000	15.792105	3651	0.000000
281474976710655.000000	16.110849	3652	0.000000
281474976710655.000000	15.110214	3653	0.000000
281474976710655.000000	15.075854	3654	0.000000
281474976710655.000000	15.937369	3655	0.000000
281474976710655.000000	14.737654	3656	0.000000
281474976710655.000000	14.925617	3657	0.000000
281474976710655.000000	14.391374	3658	0.000000
281474976710655.000000	14.203952	3659	0.000000
281474976710655.000000	13.926364	3660	0.000000
281474976710655.000000	14.787201	3661	0.000000
281474976710655.000000	13.871288	3662	0.000000
281474976710655.000000	13.316530	3663	0.000000
281474976710655.000000	12.918941	3664	0.000000
281474976710655.000000	13.004049	3665	0.000000
281474976710655.000000	12.766737	3666	0.000000
281474976710655.000000	12.944968	3667	0.000000
281474976710655.000000	13.646242	3668	0.000000
281474976710655.000000	12.424008	3669	0.000000
281474976710655.000000	12.679039	3670	0.000000
281474976710655.000000	12.709965	3671	0.000000
