crossing time (s)	slope (V/s)	crossing number
281474976710655.000000	Inf	5685	0.000000
281474976710655.000000	-165.678528	5686	0.000000
281474976710655.000000	-137.574677	5687	0.000000
281474976710655.000000	-96.815643	5688	0.000000
281474976710655.000000	-69.908592	5689	0.000000
281474976710655.000000	-45.142834	5690	0.000000
281474976710655.000000	-30.641861	5691	0.000000
281474976710655.000000	-23.239704	5692	0.000000
281474976710655.000000	-15.145590	5693	0.000000
281474976710655.000000	-7.935554	5694	0.000000
281474976710655.000000	-6.240119	5695	0.000000
281474976710655.000000	-3.486584	5696	0.000000
281474976710655.000000	-2.682943	5697	0.000000
