num crossings	time (s)	maj axis (mm)	min axis (mm)	theta (rad )	slope (V/s)
311	962.616416	77.234278	5.812093	4.212342	206.388077
313	964.701389	62.098343	5.490929	4.228232	139.870782
315	966.789255	49.556815	4.877069	4.242093	88.624248
317	968.864191	38.780178	4.146037	4.230601	53.494371
319	970.933144	29.443416	3.376296	4.214885	30.009386
321	973.009824	21.986991	2.653425	4.209481	17.798301
323	975.095552	16.488749	2.032481	4.214507	11.550802
325	977.191366	12.398658	1.538610	4.221867	7.125070
327	979.290083	9.304325	1.146760	4.229202	2.924464
