crossing time (s)	slope (V/s)	crossing number
281474976710655.000000	-94.710495	6008	0.000000
281474976710655.000000	-134.776993	6009	0.000000
281474976710655.000000	-97.225395	6010	0.000000
281474976710655.000000	-70.091583	6011	0.000000
281474976710655.000000	-50.510433	6012	0.000000
281474976710655.000000	-36.299427	6013	0.000000
281474976710655.000000	-30.386421	6014	0.000000
281474976710655.000000	-19.972708	6015	0.000000
281474976710655.000000	-13.638247	6016	0.000000
281474976710655.000000	-9.726080	6017	0.000000
281474976710655.000000	-6.844669	6018	0.000000
281474976710655.000000	-4.821865	6019	0.000000
281474976710655.000000	-3.280726	6020	0.000000
281474976710655.000000	-2.249943	6021	0.000000
