num crossings	time (s)	maj axis (mm)	min axis (mm)	theta (rad )	slope (V/s)
5925	8238.026217	8.641572	-0.883496	0.981475	0.864959
5931	8244.093496	102.649643	-2.326509	4.085702	346.782702
5933	8246.171539	81.296445	-2.212725	4.081359	193.889183
5935	8248.254596	63.299332	-1.966789	4.079451	152.367955
5937	8250.345116	46.973267	-1.677279	4.078340	87.544908
5939	8252.440342	32.868005	-1.314862	4.082258	48.943383
5941	8254.542767	21.097387	-1.019845	4.086740	23.717406
5943	8256.657523	13.460370	-0.804678	4.073576	11.669844
5945	8258.781484	8.268411	-0.666281	4.044119	5.624119
