crossing time (s)	slope (V/s)	crossing number
281474976710655.000000	-130.615067	5722	0.000000
281474976710655.000000	-96.395630	5723	0.000000
281474976710655.000000	-68.786552	5724	0.000000
281474976710655.000000	-33.551609	5725	0.000000
281474976710655.000000	-35.076241	5726	0.000000
281474976710655.000000	-26.085871	5727	0.000000
281474976710655.000000	-16.466339	5728	0.000000
281474976710655.000000	-12.105897	5729	0.000000
281474976710655.000000	-8.350091	5730	0.000000
281474976710655.000000	-6.582195	5731	0.000000
281474976710655.000000	-3.480268	5732	0.000000
281474976710655.000000	-2.937392	5733	0.000000
