crossing time (s)	slope (V/s)	crossing number
281474976710655.000000	Inf	5853	0.000000
281474976710655.000000	Inf	5854	0.000000
281474976710655.000000	-54.510094	5855	0.000000
281474976710655.000000	-95.566750	5856	0.000000
281474976710655.000000	-55.320293	5857	0.000000
281474976710655.000000	-35.000332	5858	0.000000
281474976710655.000000	-18.998997	5859	0.000000
281474976710655.000000	-14.426857	5860	0.000000
281474976710655.000000	-9.826150	5861	0.000000
281474976710655.000000	-6.216046	5862	0.000000
281474976710655.000000	-4.102030	5863	0.000000
281474976710655.000000	-2.954648	5864	0.000000
281474976710655.000000	-1.577283	5865	0.000000
