crossing time (s)	slope (V/s)	crossing number
281474976710655.000000	Inf	1607	0.000000
281474976710655.000000	Inf	1608	0.000000
281474976710655.000000	153.095078	1609	0.000000
281474976710655.000000	Inf	1610	0.000000
281474976710655.000000	Inf	1611	0.000000
281474976710655.000000	68.997734	1612	0.000000
281474976710655.000000	135.071045	1613	0.000000
281474976710655.000000	67.888222	1614	0.000000
281474976710655.000000	127.892014	1615	0.000000
281474976710655.000000	125.571159	1616	0.000000
281474976710655.000000	61.700863	1617	0.000000
281474976710655.000000	77.178818	1618	0.000000
281474976710655.000000	117.205559	1619	0.000000
281474976710655.000000	112.396530	1620	0.000000
281474976710655.000000	102.464729	1621	0.000000
281474976710655.000000	104.296867	1622	0.000000
281474976710655.000000	105.112358	1623	0.000000
281474976710655.000000	Inf	1624	0.000000
281474976710655.000000	98.896225	1625	0.000000
281474976710655.000000	189.451065	1626	0.000000
281474976710655.000000	87.263748	1627	0.000000
281474976710655.000000	86.289001	1628	0.000000
281474976710655.000000	82.577309	1629	0.000000
281474976710655.000000	187.503052	1630	0.000000
281474976710655.000000	83.364052	1631	0.000000
281474976710655.000000	69.983833	1632	0.000000
281474976710655.000000	76.760567	1633	0.000000
281474976710655.000000	45.826328	1634	0.000000
281474976710655.000000	37.442333	1635	0.000000
281474976710655.000000	65.161873	1636	0.000000
281474976710655.000000	45.786278	1637	0.000000
281474976710655.000000	64.738739	1638	0.000000
281474976710655.000000	65.611038	1639	0.000000
281474976710655.000000	62.171947	1640	0.000000
281474976710655.000000	43.234947	1641	0.000000
281474976710655.000000	50.461555	1642	0.000000
281474976710655.000000	127.797401	1643	0.000000
281474976710655.000000	43.637135	1644	0.000000
281474976710655.000000	45.409317	1645	0.000000
281474976710655.000000	37.849079	1646	0.000000
281474976710655.000000	45.721054	1647	0.000000
281474976710655.000000	65.906525	1648	0.000000
281474976710655.000000	38.447479	1649	0.000000
281474976710655.000000	45.406864	1650	0.000000
281474976710655.000000	41.959751	1651	0.000000
281474976710655.000000	40.780422	1652	0.000000
281474976710655.000000	40.798328	1653	0.000000
281474976710655.000000	38.461555	1654	0.000000
281474976710655.000000	33.434868	1655	0.000000
281474976710655.000000	35.281677	1656	0.000000
281474976710655.000000	31.326958	1657	0.000000
281474976710655.000000	33.629250	1658	0.000000
281474976710655.000000	25.816502	1659	0.000000
281474976710655.000000	29.163063	1660	0.000000
281474976710655.000000	26.765198	1661	0.000000
281474976710655.000000	32.555729	1662	0.000000
281474976710655.000000	27.838036	1663	0.000000
281474976710655.000000	28.868593	1664	0.000000
281474976710655.000000	25.413292	1665	0.000000
281474976710655.000000	24.901077	1666	0.000000
281474976710655.000000	21.624611	1667	0.000000
281474976710655.000000	21.892735	1668	0.000000
281474976710655.000000	20.619934	1669	0.000000
281474976710655.000000	21.147215	1670	0.000000
281474976710655.000000	21.359016	1671	0.000000
281474976710655.000000	19.700504	1672	0.000000
281474976710655.000000	19.513369	1673	0.000000
281474976710655.000000	17.884684	1674	0.000000
281474976710655.000000	17.982311	1675	0.000000
281474976710655.000000	17.369003	1676	0.000000
281474976710655.000000	14.471061	1677	0.000000
281474976710655.000000	15.165345	1678	0.000000
281474976710655.000000	15.447202	1679	0.000000
281474976710655.000000	14.437308	1680	0.000000
281474976710655.000000	14.110538	1681	0.000000
281474976710655.000000	13.165631	1682	0.000000
