num crossings	time (s)	maj axis (mm)	min axis (mm)	theta (rad )	slope (V/s)
281	924.915790	78.303443	6.769708	4.225171	204.457361
283	926.999494	63.374892	6.284428	4.227403	144.733262
285	929.084191	50.953045	5.742758	4.224765	88.374929
287	931.167950	40.247980	5.160826	4.222993	59.095117
289	933.239758	30.932926	4.278027	4.233476	34.302226
291	935.309512	23.041652	3.264750	4.253846	18.946162
293	937.408349	16.950413	2.334355	4.219255	12.331090
295	939.525661	13.132159	1.988823	4.202206	7.765562
297	941.563781	10.141701	1.629747	4.250843	4.682414
